25,25
[floor1]
T1,0,D2,0,0,0,0,0,0,0,0,0,0,0,0,0,0,0,0,0,0,0,0,0,0
0,0,-1,-1,0,-1,-1,-1,-1,-1,-1,-1,-1,-1,-1,-1,-1,-1,-1,-1,-1,-1,-1,-1,0
0,0,-1,-1,0,-1,0,0,0,0,0,0,0,0,0,0,0,0,0,0,0,0,-1,0,0
-1,D5,-1,-1,-1,-1,0,-1,-1,-1,-1,-1,-1,-1,-1,-1,-1,-1,-1,0,0,K2,-1,0,0
-1,0,0,0,0,0,0,0,0,0,0,0,0,0,0,0,0,K1,-1,-1,-1,-1,0,0,-1
0,0,0,-1,-1,0,-1,-1,-1,-1,-1,-1,-1,-1,-1,-1,-1,-1,0,0,0,0,0,0,0
0,-1,-1,0,0,0,0,-1,0,0,0,0,0,0,0,0,0,0,0,0,0,-1,-1,-1,0
0,-1,0,0,0,-1,-1,-1,-1,-1,-1,-1,-1,-1,-1,-1,-1,-1,-1,-1,-1,0,0,0,0
K3,-1,0,0,0,0,0,0,0,0,0,0,0,0,0,0,0,0,0,0,0,-1,0,0,0
0,-1,-1,-1,0,0,0,0,-1,-1,0,-1,-1,-1,-1,-1,-1,-1,-1,-1,-1,-1,0,-1,-1
0,D3,0,0,-1,-1,-1,-1,-1,0,0,0,0,-1,0,0,0,0,0,0,0,0,0,0,0
0,D3,0,-1,-1,0,-1,0,-1,-1,-1,0,0,-1,-1,-1,0,-1,-1,-1,-1,-1,0,0,-1
0,-1,0,-1,0,0,-1,0,-1,0,0,0,0,-1,0,-1,0,0,0,0,0,-1,0,-1,0
0,-1,0,-1,0,0,-1,0,-1,0,-1,0,0,0,0,0,-1,0,0,0,0,-1,0,-1,0
0,-1,UP,-1,0,-1,-1,0,-1,0,-1,0,0,-1,0,0,0,-1,0,0,0,-1,0,-1,0
0,-1,UP,-1,0,-1,0,0,-1,0,-1,0,0,-1,0,0,0,0,-1,0,0,-1,0,-1,0
0,-1,UP,-1,0,-1,0,0,-1,0,-1,0,0,-1,0,-1,-1,0,0,-1,0,-1,0,-1,0
0,-1,0,-1,0,-1,0,0,-1,0,-1,-1,-1,-1,0,0,0,-1,0,0,0,-1,0,-1,0
0,-1,0,-1,0,-1,0,0,-1,0,0,0,0,-1,0,0,0,0,0,0,0,-1,0,-1,0
0,-1,0,-1,0,-1,0,0,-1,-1,-1,-1,-1,-1,-1,0,0,-1,-1,-1,-1,-1,0,-1,0
0,-1,0,0,0,0,0,0,0,0,0,0,0,0,0,0,0,0,0,0,0,0,0,-1,0
0,-1,-1,-1,-1,-1,-1,-1,-1,-1,-1,-1,-1,-1,-1,-1,-1,-1,-1,-1,-1,-1,-1,-1,0
0,0,0,0,0,0,0,0,0,0,0,0,0,0,0,0,0,0,0,0,0,0,0,0,0
-1,-1,-1,-1,-1,-1,-1,-1,-1,-1,-1,-1,-1,-1,-1,-1,-1,-1,-1,-1,-1,-1,-1,-1,0
A1,0,0,0,0,0,0,0,0,0,0,0,0,0,0,0,0,0,0,0,0,0,0,0,0
[floor2]
-1,-1,-1,0,0,-1,0,0,0,-1,0,0,0,0,0,-1,0,0,0,-1,0,0,0,-1,0
0,0,-1,0,0,-1,0,-1,0,-1,0,-1,0,-1,0,-1,0,-1,0,-1,0,-1,0,-1,0
0,-1,0,0,0,-1,0,-1,0,-1,0,-1,0,-1,0,-1,0,-1,0,-1,0,-1,0,-1,0
0,-1,0,-1,0,-1,0,-1,0,-1,0,-1,0,-1,0,-1,0,-1,0,-1,0,-1,0,-1,0
0,-1,0,-1,0,-1,0,-1,0,-1,0,-1,0,-1,0,-1,0,-1,0,-1,0,-1,0,-1,0
0,-1,0,-1,0,-1,0,-1,0,-1,0,-1,0,-1,0,-1,0,-1,0,-1,0,-1,0,-1,0
0,-1,0,-1,0,-1,0,-1,0,-1,0,-1,0,-1,0,-1,0,-1,0,-1,0,-1,0,-1,0
0,-1,0,-1,0,-1,0,-1,0,-1,0,-1,0,-1,0,-1,0,-1,0,-1,0,-1,0,-1,0
0,-1,0,-1,0,-1,0,-1,DO,-1,0,-1,0,-1,0,-1,0,-1,0,-1,0,-1,0,-1,0
0,-1,0,-1,0,-1,0,-1,DO,-1,0,-1,0,-1,0,-1,0,-1,0,-1,0,-1,0,-1,0
0,-1,0,-1,0,-1,0,-1,DO,-1,0,-1,0,-1,0,-1,0,-1,0,-1,0,-1,0,-1,0
0,-1,0,-1,0,-1,0,-1,0,-1,0,-1,0,-1,0,-1,0,-1,0,0,0,-1,0,-1,0
0,-1,0,-1,0,-1,0,-1,0,-1,0,-1,0,-1,0,-1,0,-1,0,-1,0,-1,0,-1,0
0,-1,0,-1,0,-1,0,-1,0,-1,0,-1,0,-1,0,-1,0,-1,0,-1,0,-1,0,-1,0
0,-1,0,-1,0,-1,0,-1,0,-1,0,-1,0,-1,0,-1,0,-1,0,-1,0,-1,0,-1,0
0,-1,0,-1,0,-1,0,-1,0,-1,0,-1,0,-1,0,-1,0,-1,0,-1,0,-1,0,-1,0
0,-1,0,-1,0,-1,0,-1,0,-1,0,-1,0,-1,0,-1,0,-1,0,-1,0,-1,0,-1,0
0,-1,0,-1,0,-1,0,-1,0,-1,0,-1,0,-1,0,-1,0,-1,0,-1,0,-1,0,-1,0
0,-1,0,-1,0,-1,0,-1,0,-1,0,-1,0,0,0,-1,0,-1,0,-1,0,-1,0,-1,0
0,-1,0,-1,0,-1,0,-1,0,-1,0,-1,0,-1,0,-1,0,-1,0,-1,0,-1,0,-1,0
0,-1,0,-1,0,-1,0,-1,0,-1,0,-1,0,-1,0,-1,0,-1,0,-1,0,-1,0,-1,0
0,-1,0,-1,0,-1,0,-1,0,-1,0,-1,-1,-1,0,-1,0,-1,0,-1,0,-1,0,-1,0
0,-1,0,-1,0,-1,0,-1,0,-1,0,0,0,0,0,-1,0,-1,0,-1,0,-1,0,-1,0
0,-1,0,-1,0,-1,0,-1,0,-1,0,0,0,0,0,-1,K5,-1,0,-1,0,-1,0,-1,0
0,0,0,0,0,0,0,-1,0,0,0,0,0,0,0,0,0,-1,0,0,0,-1,0,0,0
